7.500699999999999818e+03
1.141499999999999959e+00
6.653400000000000425e-01
4.323199999999999821e-01
2.812600000000000100e-01
1.699199999999999877e-01
8.140999999999999626e-02
6.881299999999999917e-03
-5.708200000000000079e-02
-1.144499999999999962e-01
-2.986899999999999972e-02
-1.441800000000000026e-01
-2.073599999999999888e-01
-2.585500000000000020e-01
-3.041099999999999914e-01
-3.455199999999999938e-01
-3.841700000000000115e-01
-4.203100000000000169e-01
-4.542999999999999816e-01
-4.863600000000000145e-01
-5.166800000000000281e-01
-3.672000000000000264e-01
-3.194799999999999862e-01
-2.875199999999999978e-01
-2.631200000000000205e-01
-2.431200000000000028e-01
-2.260000000000000064e-01
-2.108700000000000019e-01
-1.972200000000000064e-01
-1.847300000000000053e-01
-1.731999999999999929e-01
-6.830799999999999372e-02
-1.886300000000000129e-02
2.053999999999999923e-02
1.665399999999999867e-02
1.936200000000000074e-02
2.811500000000000110e-02
3.837800000000000239e-02
4.761300000000000254e-02
5.758800000000000030e-02
6.735099999999999421e-02
7.682899999999999452e-02
8.585299999999999876e-02
9.451500000000000179e-02
1.027499999999999941e-01
1.105799999999999977e-01
1.180100000000000038e-01
1.250600000000000045e-01
1.316700000000000093e-01
1.380200000000000038e-01
1.440500000000000114e-01
1.700200000000000045e-01
1.904299999999999882e-01
2.067799999999999916e-01
2.201500000000000123e-01
2.313600000000000101e-01
2.409799999999999998e-01
2.492999999999999938e-01
2.569100000000000272e-01
2.639099999999999779e-01
2.704599999999999782e-01
